ClbWaveGap	ClbWavePhase	ClbPhaseMode	ClbWaveTaper	ClbWaveTemperature	ClbXpos	ClbZpos	ClbUndCenter	ClbWaveBx	ClbDeltaBx	ClbWaveBz	ClbDeltaBz	ClbPhaseError	ClbPeaksBxTaper	ClbPeaksBzTaper	ClbWaveIx	ClbWaveIz	ClbWaveI2x	ClbWaveI2z	ClbFundEng	ClbLambdaL	ClbWaveMultiVDip	ClbWaveVQuad	ClbWaveVSex	ClbWaveVOct	ClbWaveMultiHDip	ClbWaveHQuad	ClbWaveHSex	ClbWaveHOct	ClbWaveCoilI1	ClbWaveCoilI2	ClbWaveCoilI3	ClbWaveCoilI4	ClbOutFileInt	ClbOutFileFld	ClbPhaseIntegral
200.00	0	0	0.000	23	-5	-1	0.851178	0.004361	0.1765	0.723573	0.0107	3.56	4.09	-5.26	0.016	-0.032	0.079	-0.202	1838.397	6.7375e-10	-2.99	22.55	-41.33	-1.2e+02	6.62	9.87	101.70	-2.8	0.6597	-1.2059	-0.4910	0.8519	1991b-TPF-UFCM_20200224-int0.txt	1991b-TPF-UFCM_20200224-fld0.txt	1861.456
200.00	1	0	0.000	23	-5	-1	0.850798	0.004934	0.1599	0.714205	0.0138	3.88	4.22	-17.76	-0.003	-0.042	0.080	-0.205	1861.075	6.6557e-10	-4.03	21.96	-44.39	-1.1e+02	4.66	12.66	109.62	-12	0.7594	-1.2056	-0.4014	0.8829	1991b-TPF-UFCM_20200224-int0.txt	1991b-TPF-UFCM_20200224-fld0.txt	1818.461
200.00	2	0	0.000	23	-5	-1	0.850435	0.005217	0.1545	0.690680	0.0137	4.16	4.37	-7.89	-0.011	-0.043	0.082	-0.165	1922.375	6.4452e-10	-4.02	21.16	-39.13	-93	3.86	11.29	105.91	-0.18	0.6293	-1.0333	-0.2147	0.7516	1991b-TPF-UFCM_20200224-int0.txt	1991b-TPF-UFCM_20200224-fld0.txt	1708.290
200.00	3	0	0.000	23	-5	-1	0.850085	0.005235	0.1573	0.660939	0.0140	4.47	4.49	-2.80	-0.007	-0.043	0.086	-0.202	2024.133	6.1233e-10	-4.11	24.11	-40.41	-1.1e+02	4.40	13.94	106.77	-12	0.7510	-1.2079	-0.3605	0.8943	1991b-TPF-UFCM_20200224-int0.txt	1991b-TPF-UFCM_20200224-fld0.txt	1539.679
200.00	4	0	0.000	23	-5	-1	0.84976	0.004822	0.1716	0.611335	0.0139	4.98	4.11	-16.88	0.010	-0.016	0.091	-0.229	2169.160	5.7179e-10	-1.14	24.51	-42.62	-1.2e+02	6.08	12.17	104.26	33	0.6813	-1.2657	-0.6093	1.0755	1991b-TPF-UFCM_20200224-int0.txt	1991b-TPF-UFCM_20200224-fld0.txt	1327.352
200.00	5	0	0.000	23	-5	-1	0.854976	0.004031	0.1854	0.552297	0.0111	5.52	3.40	-5.39	-0.006	-0.007	0.097	-0.216	2360.297	5.2576e-10	-0.47	27.63	-40.71	-1.2e+02	4.09	19.99	101.13	-40	0.6226	-1.1486	-0.5334	1.1307	1991b-TPF-UFCM_20200224-int0.txt	1991b-TPF-UFCM_20200224-fld0.txt	1086.542
200.00	6	0	0.000	23	-5	-1	0.854753	0.002717	0.2765	0.486806	0.0116	5.98	3.60	6.47	-0.025	-0.010	0.096	-0.252	2592.975	4.7860e-10	-0.70	26.93	-41.08	-1.1e+02	2.44	20.54	110.19	-32	0.8396	-1.2467	-0.6066	1.3115	1991b-TPF-UFCM_20200224-int0.txt	1991b-TPF-UFCM_20200224-fld0.txt	840.000
200.00	7	0	0.000	23	-5	-1	0.843629	0.000896	0.7312	0.411727	0.0691	6.48	3.06	9.14	-0.033	-0.012	0.106	-0.244	2859.499	4.3425e-10	-0.90	26.68	-39.07	-1.2e+02	1.64	14.61	103.07	39	0.8093	-1.2251	-0.5176	1.3234	1991b-TPF-UFCM_20200224-int0.txt	1991b-TPF-UFCM_20200224-fld0.txt	607.062
200.00	8	0	0.000	23	-5	-1	0.843679	0.002316	0.3680	0.335532	0.0795	6.68	-4.04	15.93	0.014	0.021	0.105	-0.266	3133.694	3.9611e-10	2.54	29.51	-41.99	-1.3e+02	6.16	16.64	106.98	-1.2	0.6265	-1.3123	-0.8816	1.4039	1991b-TPF-UFCM_20200224-int0.txt	1991b-TPF-UFCM_20200224-fld0.txt	407.145
200.00	9	0	0.000	23	-5	-1	0.844041	0.006557	0.1212	0.264317	0.0940	6.64	-4.74	10.14	0.038	0.017	0.096	-0.276	3372.991	3.6791e-10	1.92	27.24	-45.45	-1e+02	8.65	12.66	107.08	9.1	0.6390	-1.4159	-0.9997	1.3321	1991b-TPF-UFCM_20200224-int0.txt	1991b-TPF-UFCM_20200224-fld0.txt	259.099
200.00	10	0	0.000	23	-5	-1	0.844909	0.011802	0.0680	0.214852	0.1087	6.87	-4.43	5.03	0.046	0.011	0.064	-0.281	3524.476	3.5210e-10	1.23	24.69	-44.31	-94	9.55	5.40	109.86	2.6	0.7515	-1.3900	-1.1105	1.2063	1991b-TPF-UFCM_20200224-int0.txt	1991b-TPF-UFCM_20200224-fld0.txt	176.082
200.00	11	0	0.000	23	-5	-1	0.846195	0.014967	0.0735	0.208695	0.1000	7.61	-2.50	-21.19	0.061	0.002	0.015	-0.288	3544.981	3.5007e-10	0.43	27.66	-43.98	-1.2e+02	10.90	2.65	103.95	-7.6	0.9139	-1.3564	-1.2858	1.0134	1991b-TPF-UFCM_20200224-int0.txt	1991b-TPF-UFCM_20200224-fld0.txt	165.210
200.00	0	0	0.000	23	0	-1	0.851121	0.006848	0.1073	0.729789	0.0106	3.40	2.89	-1.91	0.144	-0.083	0.038	-0.024	1825.290	6.7868e-10	-8.01	-25.03	57.65	1.9e+02	15.82	-8.53	-109.11	-2.5e+02	-0.1042	-0.9674	-0.0769	-0.5522	1991b-TPF-UFCM_20200224-int0.txt	1991b-TPF-UFCM_20200224-fld0.txt	1887.650
200.00	1	0	0.000	23	0	-1	0.850746	0.007361	0.0995	0.718466	0.0137	3.66	3.03	-17.53	0.135	-0.094	0.038	0.002	1848.022	6.7037e-10	-9.24	-24.44	54.70	1.8e+02	15.08	-9.24	-113.69	-2.3e+02	-0.1322	-0.8857	0.0998	-0.6789	1991b-TPF-UFCM_20200224-int0.txt	1991b-TPF-UFCM_20200224-fld0.txt	1844.060
200.00	2	0	0.000	23	0	-1	0.850383	0.007754	0.0941	0.695865	0.0135	3.95	3.41	-5.88	0.127	-0.089	0.039	-0.038	1909.043	6.4906e-10	-8.77	-27.12	51.74	2.2e+02	14.03	-9.06	-112.88	-2.3e+02	0.0276	-1.0006	-0.0518	-0.4753	1991b-TPF-UFCM_20200224-int0.txt	1991b-TPF-UFCM_20200224-fld0.txt	1732.473
200.00	3	0	0.000	23	0	-1	0.850031	0.008063	0.0906	0.666788	0.0140	4.16	3.79	-2.53	0.135	-0.085	0.040	-0.059	2011.016	6.1640e-10	-8.17	-22.70	56.69	1.8e+02	14.83	-10.35	-112.63	-2.2e+02	0.0672	-1.0949	-0.1691	-0.3934	1991b-TPF-UFCM_20200224-int0.txt	1991b-TPF-UFCM_20200224-fld0.txt	1561.484
200.00	4	0	0.000	23	0	-1	0.849705	0.008061	0.0895	0.614932	0.0135	4.72	3.56	-15.60	0.161	-0.063	0.049	-0.042	2156.804	5.7515e-10	-6.07	-26.82	57.41	2e+02	17.55	-8.01	-119.30	-2.2e+02	-0.1937	-1.0407	-0.2450	-0.4208	1991b-TPF-UFCM_20200224-int0.txt	1991b-TPF-UFCM_20200224-fld0.txt	1345.562
200.00	5	0	0.000	23	0	-1	0.85492	0.007930	0.0889	0.556181	0.0108	5.28	2.67	-2.65	0.147	-0.044	0.050	-0.052	2349.017	5.2838e-10	-4.23	-26.64	51.39	2.1e+02	16.08	-5.74	-108.29	-2.3e+02	-0.1948	-0.9636	-0.3145	-0.2640	1991b-TPF-UFCM_20200224-int0.txt	1991b-TPF-UFCM_20200224-fld0.txt	1100.916
200.00	6	0	0.000	23	0	-1	0.854695	0.007627	0.0914	0.490669	0.0113	5.72	2.84	10.05	0.146	-0.044	0.053	-0.076	2583.621	4.8046e-10	-4.29	-26.79	50.36	2.1e+02	15.89	-5.16	-114.45	-2.2e+02	-0.1036	-1.0652	-0.3957	-0.1558	1991b-TPF-UFCM_20200224-int0.txt	1991b-TPF-UFCM_20200224-fld0.txt	850.421
200.00	7	0	0.000	23	0	-1	0.843568	0.007040	0.1133	0.414990	0.0695	6.25	3.66	10.82	0.130	-0.044	0.059	-0.093	2852.275	4.3537e-10	-4.26	-24.96	49.89	2e+02	14.50	-5.13	-121.69	-2.2e+02	-0.0046	-1.0998	-0.4018	-0.0203	1991b-TPF-UFCM_20200224-int0.txt	1991b-TPF-UFCM_20200224-fld0.txt	613.545
200.00	8	0	0.000	23	0	-1	0.843616	0.006160	0.1234	0.337798	0.0799	6.40	3.47	15.95	0.170	-0.015	0.061	-0.094	3130.115	3.9659e-10	-1.20	-26.95	56.41	2.1e+02	18.51	-7.82	-118.79	-2.1e+02	-0.2426	-1.1112	-0.6412	-0.0137	1991b-TPF-UFCM_20200224-int0.txt	1991b-TPF-UFCM_20200224-fld0.txt	410.319
200.00	9	0	0.000	23	0	-1	0.843977	0.004801	0.1496	0.265023	0.0945	6.35	3.03	8.81	0.179	-0.021	0.050	-0.107	3373.502	3.6792e-10	-1.88	-27.82	46.85	2.1e+02	19.39	-10.75	-120.52	-2.2e+02	-0.1633	-1.1844	-0.7223	-0.0447	1991b-TPF-UFCM_20200224-int0.txt	1991b-TPF-UFCM_20200224-fld0.txt	259.653
200.00	10	0	0.000	23	0	-1	0.844851	0.002808	0.2244	0.214939	0.1090	6.53	2.35	-1.56	0.160	-0.032	0.022	-0.122	3527.786	3.5183e-10	-2.97	-27.46	46.87	2.1e+02	17.33	-13.78	-113.56	-2.2e+02	0.0832	-1.1495	-0.7629	-0.0510	1991b-TPF-UFCM_20200224-int0.txt	1991b-TPF-UFCM_20200224-fld0.txt	175.186
200.00	11	0	0.000	23	0	-1	0.846151	0.000700	0.7069	0.208381	0.1003	7.42	0.52	-31.20	0.147	-0.035	-0.027	-0.120	3549.123	3.4976e-10	-3.24	-25.06	49.24	1.9e+02	16.03	-19.95	-115.02	-2.3e+02	0.2611	-0.9734	-0.8464	-0.1749	1991b-TPF-UFCM_20200224-int0.txt	1991b-TPF-UFCM_20200224-fld0.txt	163.992
200.00	0	0	0.000	23	5	-1	0.85113	0.008946	0.0870	0.726880	0.0108	3.59	3.17	-1.02	0.035	-0.005	0.091	-0.086	1832.134	6.7625e-10	-0.75	15.35	-119.06	-2e+02	5.02	96.79	187.82	-9.1e+02	-0.0008	-0.7253	-0.1604	0.4793	1991b-TPF-UFCM_20200224-int0.txt	1991b-TPF-UFCM_20200224-fld0.txt	1873.980
200.00	1	0	0.000	23	5	-1	0.850758	0.009612	0.0804	0.716123	0.0139	3.81	2.91	-18.78	0.026	-0.020	0.089	-0.016	1854.481	6.6815e-10	-2.35	15.31	-119.44	-2.1e+02	4.09	96.14	186.55	-9.1e+02	-0.1885	-0.4795	0.1965	0.1628	1991b-TPF-UFCM_20200224-int0.txt	1991b-TPF-UFCM_20200224-fld0.txt	1831.524
200.00	2	0	0.000	23	5	-1	0.850397	0.010281	0.0750	0.693562	0.0138	4.10	2.98	-6.34	0.020	-0.013	0.092	-0.056	1914.960	6.4718e-10	-1.54	17.36	-123.54	-2.2e+02	3.67	99.26	191.05	-9.1e+02	-0.0520	-0.5994	0.0341	0.3775	1991b-TPF-UFCM_20200224-int0.txt	1991b-TPF-UFCM_20200224-fld0.txt	1721.780
200.00	3	0	0.000	23	5	-1	0.850051	0.011040	0.0701	0.664611	0.0142	4.39	3.22	1.34	0.028	-0.007	0.092	-0.105	2015.903	6.1501e-10	-0.92	13.36	-120.69	-2e+02	4.53	101.57	192.95	-9.2e+02	0.0960	-0.7934	-0.2085	0.5710	1991b-TPF-UFCM_20200224-int0.txt	1991b-TPF-UFCM_20200224-fld0.txt	1553.397
200.00	4	0	0.000	23	5	-1	0.84973	0.011630	0.0664	0.613914	0.0139	4.88	2.83	-15.73	0.059	0.015	0.093	-0.094	2160.426	5.7429e-10	1.10	15.93	-126.09	-2.2e+02	7.44	101.04	197.73	-9e+02	-0.1314	-0.7547	-0.3404	0.5275	1991b-TPF-UFCM_20200224-int0.txt	1991b-TPF-UFCM_20200224-fld0.txt	1340.307
200.00	5	0	0.000	23	5	-1	0.854949	0.012301	0.0629	0.555420	0.0111	5.44	1.40	-0.73	0.062	0.029	0.100	-0.085	2350.426	5.2809e-10	2.54	16.11	-120.96	-2.2e+02	8.05	106.37	199.90	-9.1e+02	-0.2517	-0.6933	-0.3511	0.5631	1991b-TPF-UFCM_20200224-int0.txt	1991b-TPF-UFCM_20200224-fld0.txt	1098.705
200.00	6	0	0.000	23	5	-1	0.854729	0.013098	0.0589	0.490315	0.0116	5.88	1.36	12.20	0.067	0.018	0.103	-0.140	2582.139	4.8071e-10	1.75	14.23	-116.62	-2.1e+02	8.30	107.58	195.78	-9.1e+02	-0.0149	-0.9778	-0.5302	0.7305	1991b-TPF-UFCM_20200224-int0.txt	1991b-TPF-UFCM_20200224-fld0.txt	851.167
200.00	7	0	0.000	23	5	-1	0.843608	0.014020	0.0611	0.415479	0.0687	6.45	2.52	11.90	0.040	0.026	0.106	-0.158	2847.219	4.3616e-10	2.44	16.11	-118.39	-2.2e+02	5.55	105.36	205.79	-9e+02	0.0965	-0.9451	-0.5456	0.9191	1991b-TPF-UFCM_20200224-int0.txt	1991b-TPF-UFCM_20200224-fld0.txt	617.181
200.00	8	0	0.000	23	5	-1	0.843662	0.015160	0.0569	0.339392	0.0786	6.58	2.11	15.94	0.080	0.057	0.109	-0.142	3120.942	3.9776e-10	5.49	14.75	-122.99	-2.2e+02	9.62	106.62	198.06	-9.3e+02	-0.2138	-0.8851	-0.7176	0.8730	1991b-TPF-UFCM_20200224-int0.txt	1991b-TPF-UFCM_20200224-fld0.txt	416.025
200.00	9	0	0.000	23	5	-1	0.844021	0.016442	0.0557	0.268309	0.0924	6.44	1.34	6.03	0.063	0.042	0.106	-0.155	3360.336	3.6935e-10	3.77	13.68	-121.26	-2.2e+02	7.93	100.59	202.15	-9.1e+02	-0.0447	-0.9366	-0.6620	0.9060	1991b-TPF-UFCM_20200224-int0.txt	1991b-TPF-UFCM_20200224-fld0.txt	266.846
200.00	10	0	0.000	23	5	-1	0.844874	0.017167	0.0668	0.219203	0.1056	6.54	1.83	-5.78	0.031	0.028	0.080	-0.172	3512.464	3.5336e-10	2.47	12.48	-121.12	-2.2e+02	4.77	97.48	204.78	-9e+02	0.2476	-0.8914	-0.6559	0.9343	1991b-TPF-UFCM_20200224-int0.txt	1991b-TPF-UFCM_20200224-fld0.txt	182.905
200.00	11	0	0.000	23	5	-1	0.84613	0.015161	0.1034	0.212446	0.0977	7.49	2.42	-36.68	-0.014	0.034	0.032	-0.163	3534.361	3.5123e-10	3.03	14.50	-123.71	-2.3e+02	0.39	92.24	201.00	-9.2e+02	0.4592	-0.5616	-0.6560	0.9190	1991b-TPF-UFCM_20200224-int0.txt	1991b-TPF-UFCM_20200224-fld0.txt	171.326
200.00	0	0	0.000	23	12	-1	0.851096	0.040909	0.0486	0.670017	0.0117	5.99	16.60	-10.66	0.111	-0.018	0.386	0.020	1983.195	6.2411e-10	0.02	209.72	531.18	-4.4e+02	-12.77	-274.99	979.62	6.1e+03	-1.4445	-1.4378	0.9407	0.6370	1991b-TPF-UFCM_20200224-int0.txt	1991b-TPF-UFCM_20200224-fld0.txt	1597.930
200.00	1	0	0.000	23	12	-1	0.850749	0.043544	0.0453	0.655658	0.0148	5.90	14.33	-25.45	0.104	-0.033	0.383	0.067	2015.435	6.1416e-10	-0.99	214.73	525.78	-4.9e+02	-13.49	-274.69	1001.97	6.2e+03	-1.5463	-1.2777	1.1972	0.4000	1991b-TPF-UFCM_20200224-int0.txt	1991b-TPF-UFCM_20200224-fld0.txt	1545.915
200.00	2	0	0.000	23	12	-1	0.850419	0.046893	0.0420	0.631837	0.0146	5.87	13.97	-15.41	0.128	-0.030	0.388	0.077	2082.707	5.9430e-10	-1.01	210.55	528.72	-4.5e+02	-11.13	-272.95	989.26	6.2e+03	-1.6823	-1.3148	1.1701	0.3161	1991b-TPF-UFCM_20200224-int0.txt	1991b-TPF-UFCM_20200224-fld0.txt	1442.134
200.00	3	0	0.000	23	12	-1	0.850108	0.051339	0.0388	0.601691	0.0146	5.93	13.72	-8.94	0.147	-0.026	0.386	0.054	2186.968	5.6610e-10	-0.08	213.38	527.34	-4.8e+02	-8.96	-272.08	975.56	6.1e+03	-1.6559	-1.4376	1.0012	0.3590	1991b-TPF-UFCM_20200224-int0.txt	1991b-TPF-UFCM_20200224-fld0.txt	1294.653
200.00	4	0	0.000	23	12	-1	0.855328	0.056368	0.0348	0.556493	0.0123	5.95	10.34	-22.76	0.193	-0.007	0.389	0.053	2329.799	5.3194e-10	1.68	212.54	523.30	-4.8e+02	-4.02	-269.65	931.02	6e+03	-1.8751	-1.5049	0.7939	0.3149	1991b-TPF-UFCM_20200224-int0.txt	1991b-TPF-UFCM_20200224-fld0.txt	1116.017
200.00	5	0	0.000	23	12	-1	0.8551	0.062400	0.0320	0.500873	0.0124	6.13	8.72	-12.41	0.214	0.006	0.395	0.003	2506.350	4.9439e-10	2.79	212.03	520.91	-5.1e+02	-2.22	-272.81	967.62	6.1e+03	-1.8089	-1.7342	0.4967	0.5205	1991b-TPF-UFCM_20200224-int0.txt	1991b-TPF-UFCM_20200224-fld0.txt	919.790
200.00	6	0	0.000	23	12	-1	0.854948	0.070128	0.0290	0.440848	0.0130	6.14	6.30	-2.90	0.234	-0.011	0.399	-0.009	2710.969	4.5695e-10	1.08	207.11	516.05	-4.8e+02	0.02	-266.38	963.77	6.1e+03	-1.7617	-1.9227	0.4693	0.4538	1991b-TPF-UFCM_20200224-int0.txt	1991b-TPF-UFCM_20200224-fld0.txt	724.389
200.00	7	0	0.000	23	12	-1	0.843917	0.079661	0.0381	0.374700	0.0644	6.22	0.44	-6.77	0.214	-0.009	0.398	-0.022	2930.244	4.2276e-10	1.25	203.89	522.56	-4.5e+02	-1.60	-264.16	905.18	5.9e+03	-1.6554	-1.9060	0.4671	0.5688	1991b-TPF-UFCM_20200224-int0.txt	1991b-TPF-UFCM_20200224-fld0.txt	545.071
200.00	8	0	0.000	23	12	-1	0.844078	0.091813	0.0361	0.312243	0.0731	6.40	-3.98	-11.73	0.218	0.018	0.402	-0.044	3138.654	3.9449e-10	3.75	205.97	520.39	-4.7e+02	-1.86	-269.05	980.17	6.1e+03	-1.6980	-1.9064	0.2715	0.7652	1991b-TPF-UFCM_20200224-int0.txt	1991b-TPF-UFCM_20200224-fld0.txt	397.159
200.00	9	0	0.000	23	12	-1	0.844544	0.105457	0.0354	0.261157	0.0817	6.91	-2.57	-19.01	0.183	-0.007	0.389	-0.055	3303.411	3.7481e-10	1.36	203.75	523.89	-4.6e+02	-4.89	-270.88	953.90	6e+03	-1.4179	-1.9106	0.3943	0.7722	1991b-TPF-UFCM_20200224-int0.txt	1991b-TPF-UFCM_20200224-fld0.txt	294.189
200.00	10	0	0.000	23	12	-1	0.845392	0.111745	0.0426	0.230732	0.0860	7.74	1.76	-47.31	0.122	-0.014	0.375	-0.046	3388.304	3.6553e-10	0.70	207.49	519.71	-4.8e+02	-10.80	-274.63	939.20	6e+03	-1.2019	-1.6809	0.5934	0.8480	1991b-TPF-UFCM_20200224-int0.txt	1991b-TPF-UFCM_20200224-fld0.txt	245.626
200.00	11	0	0.000	23	12	-1	0.846382	0.102281	0.0605	0.238464	0.0756	9.33	10.69	-71.44	0.040	-0.019	0.356	-0.044	3371.347	3.6755e-10	0.31	205.17	527.30	-4.6e+02	-19.09	-274.66	958.46	6e+03	-0.8943	-1.3958	0.8078	1.0070	1991b-TPF-UFCM_20200224-int0.txt	1991b-TPF-UFCM_20200224-fld0.txt	255.438
200.00	0	0	0.000	23	-12	-1	0.851236	0.024615	0.0790	0.649740	0.0115	3.05	-15.23	-3.94	0.289	-0.226	-0.131	0.319	2042.416	6.0629e-10	-25.95	201.54	-621.77	-26	3.61	281.72	90.24	-4.9e+03	-0.8250	-0.1227	0.9547	-3.4132	1991b-TPF-UFCM_20200224-int0.txt	1991b-TPF-UFCM_20200224-fld0.txt	1508.735
200.00	1	0	0.000	23	-12	-1	0.850875	0.025443	0.0767	0.643676	0.0145	3.27	-17.62	-19.17	0.259	-0.232	-0.127	0.356	2063.442	6.0014e-10	-26.59	198.67	-622.13	-3.6	1.29	274.56	58.38	-4.7e+03	-0.8701	0.0760	1.2260	-3.4834	1991b-TPF-UFCM_20200224-int0.txt	1991b-TPF-UFCM_20200224-fld0.txt	1476.280
200.00	2	0	0.000	23	-12	-1	0.850525	0.027083	0.0722	0.621494	0.0143	3.47	-16.61	-9.43	0.247	-0.242	-0.124	0.320	2120.927	5.8405e-10	-27.34	207.05	-617.69	-85	-0.46	278.76	78.92	-4.8e+03	-0.6610	-0.0797	1.1686	-3.3356	1991b-TPF-UFCM_20200224-int0.txt	1991b-TPF-UFCM_20200224-fld0.txt	1391.881
200.00	3	0	0.000	23	-12	-1	0.850191	0.030033	0.0658	0.593590	0.0142	3.66	-14.84	-4.43	0.224	-0.245	-0.117	0.310	2215.581	5.5935e-10	-27.94	199.12	-619.94	3.1	-2.41	280.43	92.21	-4.8e+03	-0.5615	-0.0827	1.2295	-3.2225	1991b-TPF-UFCM_20200224-int0.txt	1991b-TPF-UFCM_20200224-fld0.txt	1262.277
200.00	4	0	0.000	23	-12	-1	0.849882	0.034144	0.0597	0.553324	0.0151	4.03	-14.20	-22.26	0.233	-0.231	-0.115	0.280	2348.071	5.2819e-10	-26.45	201.94	-613.37	-12	-2.18	290.87	129.01	-5e+03	-0.5314	-0.1815	1.0299	-3.0656	1991b-TPF-UFCM_20200224-int0.txt	1991b-TPF-UFCM_20200224-fld0.txt	1098.822
200.00	5	0	0.000	23	-12	-1	0.849616	0.039624	0.0532	0.499308	0.0150	4.60	-13.02	-10.86	0.203	-0.241	-0.108	0.282	2518.107	4.9284e-10	-27.14	205.46	-615.75	-15	-4.48	277.88	85.51	-4.7e+03	-0.4277	-0.1412	1.1848	-3.0058	1991b-TPF-UFCM_20200224-int0.txt	1991b-TPF-UFCM_20200224-fld0.txt	913.643
200.00	6	0	0.000	23	-12	-1	0.854915	0.047325	0.0476	0.440981	0.0131	5.07	-16.36	-0.13	0.181	-0.253	-0.105	0.245	2718.859	4.5657e-10	-28.42	206.68	-605.22	-36	-5.33	270.65	43.37	-4.5e+03	-0.1738	-0.2841	1.1620	-2.8374	1991b-TPF-UFCM_20200224-int0.txt	1991b-TPF-UFCM_20200224-fld0.txt	723.845
200.00	7	0	0.000	23	-12	-1	0.843815	0.057767	0.0483	0.374884	0.0671	5.59	-13.54	3.38	0.177	-0.255	-0.101	0.238	2938.126	4.2256e-10	-28.74	210.48	-600.05	-67	-7.42	283.28	139.06	-4.9e+03	-0.1434	-0.3209	1.1657	-2.7927	1991b-TPF-UFCM_20200224-int0.txt	1991b-TPF-UFCM_20200224-fld0.txt	544.790
200.00	8	0	0.000	23	-12	-1	0.843888	0.072168	0.0430	0.309588	0.0767	5.99	-17.05	8.02	0.226	-0.229	-0.103	0.240	3156.146	3.9331e-10	-25.96	209.17	-601.75	-59	-1.33	267.89	67.86	-4.5e+03	-0.3950	-0.3456	0.9184	-2.8468	1991b-TPF-UFCM_20200224-int0.txt	1991b-TPF-UFCM_20200224-fld0.txt	391.264
200.00	9	0	0.000	23	-12	-1	0.84425	0.091083	0.0377	0.250792	0.0907	6.55	-23.67	3.74	0.274	-0.237	-0.115	0.237	3340.007	3.7165e-10	-26.75	204.47	-597.97	-22	3.72	264.61	50.51	-4.5e+03	-0.4556	-0.4995	0.7642	-3.0426	1991b-TPF-UFCM_20200224-int0.txt	1991b-TPF-UFCM_20200224-fld0.txt	277.462
200.00	10	0	0.000	23	-12	-1	0.845057	0.109103	0.0360	0.209064	0.1027	6.96	-24.03	3.11	0.332	-0.237	-0.136	0.238	3453.351	3.5946e-10	-26.79	208.08	-608.07	-36	8.88	268.84	70.82	-4.6e+03	-0.5684	-0.6008	0.5361	-3.2775	1991b-TPF-UFCM_20200224-int0.txt	1991b-TPF-UFCM_20200224-fld0.txt	213.702
200.00	0	0	0.000	23	5	0	0.85114	0.006738	0.1153	0.695943	0.0102	2.82	2.16	3.79	0.041	-0.033	0.094	-0.093	1919.519	6.4499e-10	-3.55	-0.40	-89.60	-92	5.52	25.10	101.59	-2e+02	0.1110	-0.8967	-0.0824	0.3828	1991b-TPF-UFCM_20200224-int0.txt	1991b-TPF-UFCM_20200224-fld0.txt	1714.284
200.00	1	0	0.000	23	5	0	0.850626	0.007383	0.1042	0.683737	0.0131	2.78	1.51	-9.63	0.031	-0.031	0.091	-0.104	1943.904	6.3694e-10	-3.25	2.06	-89.18	-96	4.67	25.69	97.38	-2.1e+02	0.1835	-0.8938	-0.1201	0.4605	1991b-TPF-UFCM_20200224-int0.txt	1991b-TPF-UFCM_20200224-fld0.txt	1672.080
200.00	2	0	0.000	23	5	0	0.850116	0.007955	0.0972	0.664997	0.0132	2.82	2.02	7.11	0.050	-0.027	0.091	-0.137	2010.153	6.1602e-10	-2.83	-0.01	-93.55	-94	6.48	27.38	103.19	-2.1e+02	0.2430	-1.0632	-0.3239	0.5523	1991b-TPF-UFCM_20200224-int0.txt	1991b-TPF-UFCM_20200224-fld0.txt	1562.496
200.00	3	0	0.000	23	5	0	0.849607	0.008287	0.0934	0.624866	0.0126	2.57	2.32	-11.50	0.065	-0.026	0.090	-0.137	2121.677	5.8380e-10	-2.77	-3.68	-93.03	-70	7.86	29.39	102.49	-2.2e+02	0.1948	-1.1004	-0.3717	0.5089	1991b-TPF-UFCM_20200224-int0.txt	1991b-TPF-UFCM_20200224-fld0.txt	1393.733
200.00	4	0	0.000	23	5	0	0.849105	0.008535	0.0909	0.578796	0.0130	2.59	2.66	1.67	0.058	-0.030	0.091	-0.148	2281.422	5.4312e-10	-3.22	-3.03	-87.52	-77	7.41	32.77	111.49	-2.2e+02	0.2773	-1.1411	-0.3718	0.5563	1991b-TPF-UFCM_20200224-int0.txt	1991b-TPF-UFCM_20200224-fld0.txt	1180.673
200.00	5	0	0.000	23	5	0	0.848599	0.008498	0.0914	0.512523	0.0117	2.67	2.60	-7.30	0.072	-0.023	0.093	-0.198	2494.095	4.9696e-10	-2.36	-0.24	-82.85	-96	8.79	36.82	109.57	-2.4e+02	0.3973	-1.3550	-0.6371	0.7492	1991b-TPF-UFCM_20200224-int0.txt	1991b-TPF-UFCM_20200224-fld0.txt	938.987
200.00	6	0	0.000	23	5	0	0.853603	0.008400	0.0927	0.441764	0.0121	2.98	2.08	14.43	0.084	0.002	0.092	-0.213	2758.401	4.4962e-10	-0.05	-2.25	-88.21	-93	9.95	39.30	112.56	-2.4e+02	0.3239	-1.3519	-0.8324	0.8691	1991b-TPF-UFCM_20200224-int0.txt	1991b-TPF-UFCM_20200224-fld0.txt	691.734
200.00	7	0	0.000	23	5	0	0.853111	0.008036	0.0977	0.355563	0.0132	3.37	2.32	15.55	0.100	0.006	0.088	-0.219	3062.985	4.0494e-10	0.39	-1.57	-89.06	-1.1e+02	11.43	38.62	111.56	-2.4e+02	0.2962	-1.3951	-0.9349	0.8560	1991b-TPF-UFCM_20200224-int0.txt	1991b-TPF-UFCM_20200224-fld0.txt	458.077
200.00	8	0	0.000	23	5	0	0.852632	0.007632	0.1052	0.265177	0.0182	3.34	2.82	31.67	0.051	-0.003	0.091	-0.223	3381.841	3.6658e-10	-0.43	-3.35	-90.09	-87	6.59	36.26	115.55	-2.3e+02	0.4890	-1.3116	-0.7619	0.9870	1991b-TPF-UFCM_20200224-int0.txt	1991b-TPF-UFCM_20200224-fld0.txt	257.280
200.00	9	0	0.000	23	5	0	0.852189	0.007149	0.1281	0.166962	0.0353	3.17	2.69	36.55	0.064	0.012	0.093	-0.235	3663.561	3.3827e-10	1.00	-1.58	-83.60	-1.1e+02	7.91	32.51	108.08	-2.3e+02	0.4302	-1.3408	-0.8978	1.0599	1991b-TPF-UFCM_20200224-int0.txt	1991b-TPF-UFCM_20200224-fld0.txt	108.598
200.00	10	0	0.000	23	5	0	0.851958	0.007343	0.2098	0.067045	0.1333	1.99	1.39	46.32	0.056	0.026	0.083	-0.243	3842.529	3.2249e-10	2.50	-3.58	-86.26	-86	7.04	29.66	106.11	-2.3e+02	0.4568	-1.2682	-0.9955	1.1446	1991b-TPF-UFCM_20200224-int0.txt	1991b-TPF-UFCM_20200224-fld0.txt	25.006
200.00	11	0	0.000	23	5	0	0.850247	0.002622	1.0129	0.039782	0.3311	0.75	3.57	-52.94	0.038	0.010	0.088	-0.230	3871.792	3.2013e-10	0.81	-3.69	-84.01	-1.1e+02	5.28	24.48	106.85	-2.5e+02	0.5047	-1.2376	-0.8146	1.0951	1991b-TPF-UFCM_20200224-int0.txt	1991b-TPF-UFCM_20200224-fld0.txt	13.056
200.00	0	0	0.000	23	0	0	0.851134	0.006941	0.1054	0.700091	0.0100	2.75	3.15	6.13	0.103	-0.079	0.018	-0.088	1908.546	6.4863e-10	-7.72	-12.14	41.23	97	11.35	-3.45	-30.07	-66	0.3164	-1.0243	-0.2804	-0.2219	1991b-TPF-UFCM_20200224-int0.txt	1991b-TPF-UFCM_20200224-fld0.txt	1734.138
200.00	1	0	0.000	23	0	0	0.85062	0.007468	0.0977	0.687528	0.0128	2.69	3.18	-9.75	0.092	-0.082	0.017	-0.083	1933.292	6.4038e-10	-8.06	-12.71	44.36	1e+02	10.40	-6.73	-26.34	-34	0.3417	-0.9811	-0.2192	-0.2260	1991b-TPF-UFCM_20200224-int0.txt	1991b-TPF-UFCM_20200224-fld0.txt	1690.804
200.00	2	0	0.000	23	0	0	0.850109	0.007935	0.0925	0.668717	0.0131	2.75	3.82	7.72	0.111	-0.072	0.013	-0.136	1999.972	6.1908e-10	-7.02	-14.79	42.84	1.2e+02	12.18	-5.34	-29.94	-50	0.4698	-1.1986	-0.5355	-0.0404	1991b-TPF-UFCM_20200224-int0.txt	1991b-TPF-UFCM_20200224-fld0.txt	1579.240
200.00	3	0	0.000	23	0	0	0.849597	0.008146	0.0900	0.628027	0.0124	2.44	4.23	-12.36	0.120	-0.065	0.014	-0.123	2112.118	5.8639e-10	-6.33	-14.74	42.17	1.2e+02	13.18	-6.30	-26.53	-46	0.3563	-1.1467	-0.5359	-0.0876	1991b-TPF-UFCM_20200224-int0.txt	1991b-TPF-UFCM_20200224-fld0.txt	1407.932
200.00	4	0	0.000	23	0	0	0.849091	0.008266	0.0891	0.581915	0.0129	2.48	4.68	-0.22	0.105	-0.063	0.015	-0.128	2272.644	5.4518e-10	-6.24	-14.28	37.21	1.1e+02	11.80	-4.32	-22.20	-55	0.4079	-1.1167	-0.5172	-0.0145	1991b-TPF-UFCM_20200224-int0.txt	1991b-TPF-UFCM_20200224-fld0.txt	1192.030
200.00	5	0	0.000	23	0	0	0.848581	0.008092	0.0904	0.514894	0.0115	2.36	4.55	-8.84	0.112	-0.053	0.018	-0.151	2486.626	4.9845e-10	-5.12	-16.36	36.66	1.2e+02	12.35	-3.39	-27.78	-46	0.4292	-1.1938	-0.6632	0.1058	1991b-TPF-UFCM_20200224-int0.txt	1991b-TPF-UFCM_20200224-fld0.txt	947.369
200.00	6	0	0.000	23	0	0	0.853577	0.007882	0.0920	0.444008	0.0119	2.60	4.11	9.82	0.115	-0.036	0.015	-0.170	2753.265	4.5052e-10	-3.23	-14.10	39.45	1.1e+02	12.80	-2.10	-28.74	-48	0.4384	-1.2009	-0.8246	0.2354	1991b-TPF-UFCM_20200224-int0.txt	1991b-TPF-UFCM_20200224-fld0.txt	696.934
200.00	7	0	0.000	23	0	0	0.853075	0.007374	0.0980	0.356838	0.0131	2.75	4.20	12.44	0.134	-0.022	0.014	-0.170	3060.226	4.0537e-10	-2.12	-15.31	31.09	1.2e+02	14.52	-2.65	-30.33	-47	0.3322	-1.2013	-0.9398	0.2347	1991b-TPF-UFCM_20200224-int0.txt	1991b-TPF-UFCM_20200224-fld0.txt	460.813
200.00	8	0	0.000	23	0	0	0.85258	0.006800	0.1061	0.266327	0.0177	2.74	4.45	25.75	0.099	-0.037	0.009	-0.187	3381.649	3.6665e-10	-3.58	-13.33	39.60	1e+02	11.07	-5.39	-28.61	-50	0.5739	-1.2103	-0.8567	0.3232	1991b-TPF-UFCM_20200224-int0.txt	1991b-TPF-UFCM_20200224-fld0.txt	257.996
200.00	9	0	0.000	23	0	0	0.852104	0.005984	0.1198	0.166884	0.0350	2.42	4.43	32.45	0.121	-0.016	0.007	-0.195	3666.478	3.3806e-10	-1.36	-13.30	33.23	91	13.23	-7.12	-29.60	-39	0.4634	-1.2184	-1.0444	0.3751	1991b-TPF-UFCM_20200224-int0.txt	1991b-TPF-UFCM_20200224-fld0.txt	107.768
200.00	10	0	0.000	23	0	0	0.851743	0.005055	0.1413	0.066277	0.1339	1.46	4.63	42.44	0.132	-0.003	-0.003	-0.190	3846.344	3.2224e-10	-0.22	-13.37	35.88	1.1e+02	14.18	-12.92	-30.97	-21	0.3864	-1.1485	-1.1364	0.3425	1991b-TPF-UFCM_20200224-int0.txt	1991b-TPF-UFCM_20200224-fld0.txt	23.625
200.00	11	0	0.000	23	0	0	0.850624	0.004030	0.2072	0.040174	0.3254	0.80	3.75	-49.72	0.139	-0.013	0.011	-0.180	3874.717	3.1994e-10	-0.91	-14.05	33.94	87	15.11	-15.82	-32.27	-41	0.3303	-1.2090	-1.0400	0.2845	1991b-TPF-UFCM_20200224-int0.txt	1991b-TPF-UFCM_20200224-fld0.txt	12.442
200.00	0	0	0.000	23	-5	0	0.851168	0.006737	0.1104	0.694116	0.0100	2.71	4.22	3.57	0.050	-0.045	0.095	-0.244	1922.536	6.4370e-10	-4.56	15.03	-35.57	-69	7.48	-4.47	71.36	62	0.7293	-1.5722	-0.6562	0.9135	1991b-TPF-UFCM_20200224-int0.txt	1991b-TPF-UFCM_20200224-fld0.txt	1708.131
200.00	1	0	0.000	23	-5	0	0.850654	0.007467	0.1023	0.682535	0.0129	2.68	4.37	-12.04	0.038	-0.047	0.095	-0.191	1947.576	6.3555e-10	-4.66	15.67	-36.38	-80	6.27	0.03	70.74	46	0.5627	-1.3366	-0.4086	0.7289	1991b-TPF-UFCM_20200224-int0.txt	1991b-TPF-UFCM_20200224-fld0.txt	1665.291
200.00	2	0	0.000	23	-5	0	0.850144	0.008109	0.0970	0.662857	0.0130	2.70	4.87	4.64	0.057	-0.041	0.095	-0.217	2014.369	6.1453e-10	-3.88	15.37	-32.70	-63	8.11	-0.95	63.09	66	0.5890	-1.4716	-0.5895	0.7994	1991b-TPF-UFCM_20200224-int0.txt	1991b-TPF-UFCM_20200224-fld0.txt	1555.173
200.00	3	0	0.000	23	-5	0	0.849632	0.008507	0.0942	0.623316	0.0126	2.33	4.92	-16.05	0.062	-0.033	0.096	-0.267	2126.093	5.8234e-10	-3.10	16.45	-38.89	-65	8.79	3.22	66.29	29	0.7323	-1.6548	-0.8301	1.0177	1991b-TPF-UFCM_20200224-int0.txt	1991b-TPF-UFCM_20200224-fld0.txt	1386.396
200.00	4	0	0.000	23	-5	0	0.849127	0.008789	0.0928	0.576681	0.0129	2.42	4.93	-4.89	0.048	-0.038	0.095	-0.264	2286.096	5.4179e-10	-3.60	17.29	-37.03	-68	7.33	2.95	66.21	32	0.7857	-1.6179	-0.7617	1.0285	1991b-TPF-UFCM_20200224-int0.txt	1991b-TPF-UFCM_20200224-fld0.txt	1173.890
200.00	5	0	0.000	23	-5	0	0.848615	0.008785	0.0927	0.510934	0.0117	2.24	4.26	-13.46	0.039	-0.025	0.095	-0.253	2499.412	4.9576e-10	-2.31	18.19	-37.66	-65	6.59	3.86	67.09	52	0.7184	-1.4944	-0.7441	1.0645	1991b-TPF-UFCM_20200224-int0.txt	1991b-TPF-UFCM_20200224-fld0.txt	932.921
200.00	6	0	0.000	23	-5	0	0.853612	0.008730	0.0855	0.439985	0.0122	2.40	3.75	4.37	0.037	-0.009	0.094	-0.267	2764.109	4.4862e-10	-0.80	20.08	-40.29	-70	6.24	6.79	66.04	44	0.7131	-1.4783	-0.8602	1.1837	1991b-TPF-UFCM_20200224-int0.txt	1991b-TPF-UFCM_20200224-fld0.txt	686.603
200.00	7	0	0.000	23	-5	0	0.853109	0.008329	0.0917	0.353966	0.0134	2.41	3.45	6.88	0.050	-0.005	0.090	-0.271	3068.503	4.0416e-10	-0.30	20.08	-37.44	-68	7.73	7.64	68.42	32	0.6892	-1.5020	-0.9458	1.1667	1991b-TPF-UFCM_20200224-int0.txt	1991b-TPF-UFCM_20200224-fld0.txt	454.036
200.00	8	0	0.000	23	-5	0	0.852614	0.007814	0.1065	0.263813	0.0178	2.43	3.19	20.33	0.039	-0.016	0.087	-0.275	3386.117	3.6607e-10	-1.56	22.27	-38.52	-99	6.28	4.32	63.59	29	0.7901	-1.5223	-0.8879	1.1644	1991b-TPF-UFCM_20200224-int0.txt	1991b-TPF-UFCM_20200224-fld0.txt	254.529
200.00	9	0	0.000	23	-5	0	0.852136	0.006956	0.1418	0.165447	0.0346	2.17	2.45	26.21	0.068	0.002	0.084	-0.273	3666.557	3.3797e-10	0.50	20.92	-39.53	-75	9.27	-0.29	67.38	51	0.6323	-1.5174	-1.0516	1.1371	1991b-TPF-UFCM_20200224-int0.txt	1991b-TPF-UFCM_20200224-fld0.txt	106.898
200.00	10	0	0.000	23	-5	0	0.851765	0.005538	0.3417	0.065554	0.1329	1.31	1.36	36.06	0.094	0.017	0.070	-0.282	3842.628	3.2246e-10	1.87	18.65	-37.56	-66	11.96	-2.80	68.60	44	0.5739	-1.5328	-1.2657	1.1128	1991b-TPF-UFCM_20200224-int0.txt	1991b-TPF-UFCM_20200224-fld0.txt	24.232
200.00	11	0	0.000	23	-5	0	0.850696	0.007107	0.4091	0.040070	0.3196	0.87	7.38	-45.96	0.128	0.009	0.088	-0.280	3870.521	3.2017e-10	1.22	20.37	-36.38	-76	15.29	-9.45	69.93	59	0.4448	-1.7081	-1.2747	1.0261	1991b-TPF-UFCM_20200224-int0.txt	1991b-TPF-UFCM_20200224-fld0.txt	13.556
200.00	0	0	0.000	23	12	0	0.851028	0.014065	0.1284	0.631602	0.0111	4.08	10.37	-9.75	0.172	-0.110	0.265	0.130	2110.859	5.8629e-10	-10.88	56.39	50.13	-3.5e+02	2.21	-116.41	906.32	4.5e+03	-1.3427	-1.2007	1.2178	-0.7011	1991b-TPF-UFCM_20200224-int0.txt	1991b-TPF-UFCM_20200224-fld0.txt	1403.341
200.00	1	0	0.000	23	12	0	0.850535	0.016270	0.1108	0.613839	0.0136	3.79	9.81	-13.36	0.172	-0.099	0.263	0.090	2147.122	5.7643e-10	-9.77	56.18	47.50	-3.6e+02	2.37	-114.76	878.74	4.4e+03	-1.2210	-1.3085	1.0141	-0.5082	1991b-TPF-UFCM_20200224-int0.txt	1991b-TPF-UFCM_20200224-fld0.txt	1351.622
200.00	2	0	0.000	23	12	0	0.850049	0.018640	0.0983	0.594471	0.0139	3.68	10.02	-4.32	0.208	-0.105	0.260	0.107	2223.495	5.5665e-10	-10.14	54.70	48.43	-3.4e+02	5.81	-115.66	901.05	4.5e+03	-1.3609	-1.3630	0.9884	-0.7142	1991b-TPF-UFCM_20200224-int0.txt	1991b-TPF-UFCM_20200224-fld0.txt	1248.108
200.00	3	0	0.000	23	12	0	0.849567	0.020675	0.0905	0.552826	0.0132	3.51	9.68	-13.38	0.233	-0.107	0.258	0.060	2342.258	5.2852e-10	-10.85	55.19	50.06	-3.4e+02	8.18	-111.73	882.61	4.4e+03	-1.2369	-1.6217	0.7305	-0.6149	1991b-TPF-UFCM_20200224-int0.txt	1991b-TPF-UFCM_20200224-fld0.txt	1100.894
200.00	4	0	0.000	23	12	0	0.849095	0.023014	0.0848	0.507779	0.0135	3.30	9.75	-6.24	0.260	-0.118	0.256	0.035	2504.005	4.9449e-10	-11.60	52.96	55.67	-3.3e+02	10.86	-111.11	887.27	4.5e+03	-1.1646	-1.8445	0.5913	-0.6460	1991b-TPF-UFCM_20200224-int0.txt	1991b-TPF-UFCM_20200224-fld0.txt	922.701
200.00	5	0	0.000	23	12	0	0.854129	0.025133	0.0804	0.444822	0.0117	2.81	7.64	-6.41	0.288	-0.098	0.255	0.021	2710.843	4.5704e-10	-9.97	53.90	51.07	-3.5e+02	13.96	-108.40	864.85	4.4e+03	-1.2745	-1.8993	0.3663	-0.5912	1991b-TPF-UFCM_20200224-int0.txt	1991b-TPF-UFCM_20200224-fld0.txt	727.015
200.00	6	0	0.000	23	12	0	0.853688	0.027628	0.0783	0.376864	0.0125	2.24	6.14	9.60	0.314	-0.089	0.264	0.040	2950.828	4.1983e-10	-8.92	52.26	48.56	-3.4e+02	16.42	-108.46	865.58	4.4e+03	-1.4814	-1.8905	0.3569	-0.6851	1991b-TPF-UFCM_20200224-int0.txt	1991b-TPF-UFCM_20200224-fld0.txt	532.637
200.00	7	0	0.000	23	12	0	0.853279	0.030664	0.0819	0.298955	0.0147	1.87	2.06	14.21	0.324	-0.090	0.256	0.021	3210.972	3.8571e-10	-8.96	52.89	50.62	-3.5e+02	17.38	-110.12	845.76	4.3e+03	-1.4107	-1.9738	0.2354	-0.6640	1991b-TPF-UFCM_20200224-int0.txt	1991b-TPF-UFCM_20200224-fld0.txt	354.421
200.00	8	0	0.000	23	12	0	0.852956	0.035584	0.0861	0.214492	0.0220	1.61	-4.16	28.07	0.270	-0.101	0.270	-0.006	3461.963	3.5755e-10	-10.11	50.92	49.64	-3.3e+02	12.23	-110.14	860.95	4.4e+03	-1.1430	-2.0085	0.3646	-0.4007	1991b-TPF-UFCM_20200224-int0.txt	1991b-TPF-UFCM_20200224-fld0.txt	207.119
200.00	9	0	0.000	23	12	0	0.852888	0.047271	0.0950	0.128203	0.0490	1.32	-20.67	35.91	0.247	-0.086	0.273	-0.009	3661.028	3.3802e-10	-8.61	49.86	55.26	-3.2e+02	10.21	-113.14	845.53	4.3e+03	-1.1280	-1.9042	0.3736	-0.2522	1991b-TPF-UFCM_20200224-int0.txt	1991b-TPF-UFCM_20200224-fld0.txt	104.751
200.00	10	0	0.000	23	12	0	0.854429	0.091432	0.0652	0.049550	0.2041	1.39	-69.83	10.28	0.204	-0.078	0.273	-0.018	3765.041	3.2874e-10	-7.41	52.09	54.61	-3.6e+02	5.65	-118.00	885.95	4.4e+03	-1.0064	-1.7745	0.4313	-0.0583	1991b-TPF-UFCM_20200224-int0.txt	1991b-TPF-UFCM_20200224-fld0.txt	56.372
200.00	11	0	0.000	23	12	0	0.848982	0.041197	0.2409	0.073077	0.1576	3.12	8.04	-64.64	0.152	-0.099	0.251	-0.013	3743.122	3.3081e-10	-9.79	52.50	52.24	-3.7e+02	0.40	-118.37	880.68	4.4e+03	-0.7207	-1.6262	0.6226	-0.0710	1991b-TPF-UFCM_20200224-int0.txt	1991b-TPF-UFCM_20200224-fld0.txt	66.191
200.00	0	0	0.000	23	-12	0	0.851288	0.002860	0.5522	0.616916	0.0107	3.41	12.97	-9.25	0.141	-0.057	-0.151	0.262	2144.562	5.7699e-10	-6.13	-0.75	-172.30	4.3e+02	-1.33	140.74	621.18	-4.1e+03	-0.7868	0.8308	0.4172	-2.1205	1991b-TPF-UFCM_20200224-int0.txt	1991b-TPF-UFCM_20200224-fld0.txt	1358.183
200.00	1	0	0.000	23	-12	0	0.850781	0.002683	0.5744	0.609540	0.0135	3.51	13.74	-0.05	0.114	-0.066	-0.146	0.183	2168.345	5.7078e-10	-6.79	2.11	-175.25	4.2e+02	-4.08	141.69	620.35	-4.1e+03	-0.3729	0.5458	0.2385	-1.7563	1991b-TPF-UFCM_20200224-int0.txt	1991b-TPF-UFCM_20200224-fld0.txt	1325.598
200.00	2	0	0.000	23	-12	0	0.85028	0.002289	0.6267	0.588843	0.0133	3.27	11.82	-10.13	0.112	-0.060	-0.140	0.196	2231.518	5.5468e-10	-6.33	0.09	-170.53	4.4e+02	-4.42	144.48	626.54	-4.1e+03	-0.4599	0.6063	0.2857	-1.7542	1991b-TPF-UFCM_20200224-int0.txt	1991b-TPF-UFCM_20200224-fld0.txt	1241.263
200.00	3	0	0.000	23	-12	0	0.849776	0.001807	0.7023	0.556712	0.0132	2.84	8.09	-7.50	0.108	-0.071	-0.142	0.170	2336.502	5.2994e-10	-7.08	4.21	-168.74	4.1e+02	-4.72	147.19	630.09	-4.1e+03	-0.2935	0.4777	0.2383	-1.6898	1991b-TPF-UFCM_20200224-int0.txt	1991b-TPF-UFCM_20200224-fld0.txt	1111.461
200.00	4	0	0.000	23	-12	0	0.84928	0.001495	0.7493	0.511750	0.0131	2.61	4.88	-18.43	0.090	-0.084	-0.147	0.164	2483.197	4.9882e-10	-8.59	3.53	-158.64	4.2e+02	-6.29	144.12	614.99	-4e+03	-0.1483	0.4671	0.3048	-1.6800	1991b-TPF-UFCM_20200224-int0.txt	1991b-TPF-UFCM_20200224-fld0.txt	948.277
200.00	5	0	0.000	23	-12	0	0.848779	0.001621	0.8309	0.456215	0.0127	2.36	2.31	-7.14	0.068	-0.083	-0.149	0.135	2673.291	4.6353e-10	-8.35	8.79	-159.79	3.7e+02	-8.44	143.90	641.19	-4.1e+03	0.0296	0.4296	0.2402	-1.5029	1991b-TPF-UFCM_20200224-int0.txt	1991b-TPF-UFCM_20200224-fld0.txt	763.386
200.00	6	0	0.000	23	-12	0	0.853795	0.002526	0.7503	0.390063	0.0124	2.37	-0.56	-4.71	0.058	-0.073	-0.160	0.094	2901.557	4.2743e-10	-7.63	8.14	-166.34	4.1e+02	-9.22	143.86	599.40	-4e+03	0.2160	0.3652	0.0392	-1.3017	1991b-TPF-UFCM_20200224-int0.txt	1991b-TPF-UFCM_20200224-fld0.txt	574.666
200.00	7	0	0.000	23	-12	0	0.853321	0.004375	0.5751	0.316485	0.0139	2.55	-0.24	9.07	0.070	-0.068	-0.156	0.067	3152.873	3.9341e-10	-6.78	7.31	-163.92	4.1e+02	-7.83	144.37	617.40	-4e+03	0.2526	0.2366	-0.1173	-1.1977	1991b-TPF-UFCM_20200224-int0.txt	1991b-TPF-UFCM_20200224-fld0.txt	396.584
200.00	8	0	0.000	23	-12	0	0.852879	0.007308	0.4498	0.234189	0.0184	2.53	1.99	12.55	0.078	-0.087	-0.169	0.017	3403.828	3.6426e-10	-8.79	9.37	-166.17	4.2e+02	-6.99	140.47	592.04	-4e+03	0.5431	-0.0267	-0.3001	-1.1370	1991b-TPF-UFCM_20200224-int0.txt	1991b-TPF-UFCM_20200224-fld0.txt	243.845
200.00	9	0	0.000	23	-12	0	0.852522	0.013056	0.3867	0.149062	0.0336	2.30	3.07	23.54	0.136	-0.075	-0.175	-0.005	3616.864	3.4275e-10	-7.56	13.05	-159.75	3.7e+02	-1.47	137.86	597.46	-4e+03	0.4246	-0.2181	-0.6207	-1.1913	1991b-TPF-UFCM_20200224-int0.txt	1991b-TPF-UFCM_20200224-fld0.txt	130.644
200.00	10	0	0.000	23	-12	0	0.852619	0.032721	0.3408	0.061282	0.1328	1.87	-8.56	29.10	0.196	-0.047	-0.175	-0.018	3747.530	3.3081e-10	-5.01	12.85	-167.66	3.8e+02	4.48	131.24	597.98	-4e+03	0.1929	-0.3330	-0.9638	-1.2009	1991b-TPF-UFCM_20200224-int0.txt	1991b-TPF-UFCM_20200224-fld0.txt	66.929
200.00	11	0	0.000	23	-12	0	0.849501	0.049286	0.3539	0.038788	0.3090	2.94	66.79	-30.40	0.261	-0.053	-0.202	-0.005	3771.089	3.2873e-10	-5.43	11.44	-168.90	3.9e+02	11.26	127.77	577.86	-3.9e+03	0.0502	-0.4195	-1.1560	-1.5449	1991b-TPF-UFCM_20200224-int0.txt	1991b-TPF-UFCM_20200224-fld0.txt	59.366
200.00	0	0	0.000	23	-5	1	0.851166	0.008317	0.0944	0.716491	0.0103	6.01	4.09	4.41	0.037	-0.064	0.094	-0.085	1859.418	6.6505e-10	-6.14	12.64	-38.85	-38	8.49	-17.50	116.60	1.5e+02	0.2169	-0.9823	0.0828	0.2410	1991b-TPF-UFCM_20200224-int0.txt	1991b-TPF-UFCM_20200224-fld0.txt	1823.656
200.00	1	0	0.000	23	-5	1	0.850521	0.009096	0.0883	0.704709	0.0131	5.75	4.20	-7.49	0.028	-0.057	0.096	-0.121	1882.131	6.5705e-10	-5.67	9.10	-36.64	-22	7.37	-14.06	108.77	1.3e+02	0.3499	-1.0726	-0.0583	0.4476	1991b-TPF-UFCM_20200224-int0.txt	1991b-TPF-UFCM_20200224-fld0.txt	1781.467
200.00	2	0	0.000	23	-5	1	0.849873	0.009964	0.0831	0.686876	0.0132	5.72	4.37	-21.09	0.014	-0.064	0.096	-0.176	1944.140	6.3609e-10	-6.32	12.20	-34.07	-31	5.91	-15.52	113.85	1.6e+02	0.6376	-1.2759	-0.2043	0.6767	1991b-TPF-UFCM_20200224-int0.txt	1991b-TPF-UFCM_20200224-fld0.txt	1671.615
200.00	3	0	0.000	23	-5	1	0.849219	0.010741	0.0789	0.650347	0.0133	5.49	5.02	-11.21	0.056	-0.028	0.089	-0.227	2048.074	6.0388e-10	-2.74	13.71	-41.25	-35	10.71	-15.78	117.49	1.6e+02	0.5938	-1.4374	-0.6982	0.8796	1991b-TPF-UFCM_20200224-int0.txt	1991b-TPF-UFCM_20200224-fld0.txt	1502.574
200.00	4	0	0.000	23	-5	1	0.848539	0.011468	0.0753	0.600924	0.0134	5.25	4.64	-27.87	0.059	-0.026	0.087	-0.225	2196.284	5.6326e-10	-2.48	15.53	-37.02	-26	11.14	-16.70	115.82	1.7e+02	0.5739	-1.4268	-0.7133	0.8670	1991b-TPF-UFCM_20200224-int0.txt	1991b-TPF-UFCM_20200224-fld0.txt	1289.504
200.00	5	0	0.000	23	-5	1	0.847823	0.012294	0.0718	0.544278	0.0141	5.05	3.88	-35.40	0.007	-0.035	0.080	-0.285	2391.572	5.1732e-10	-3.43	17.43	-44.46	-37	5.59	-11.76	120.59	1.6e+02	1.0230	-1.5241	-0.7776	1.1971	1991b-TPF-UFCM_20200224-int0.txt	1991b-TPF-UFCM_20200224-fld0.txt	1048.608
200.00	6	0	0.000	23	-5	1	0.852558	0.013254	0.0599	0.477615	0.0160	5.17	2.96	-17.43	0.008	-0.023	0.065	-0.305	2634.108	4.7015e-10	-2.05	18.59	-39.87	-43	5.96	-11.91	113.42	1.7e+02	1.0943	-1.5148	-0.9538	1.2830	1991b-TPF-UFCM_20200224-int0.txt	1991b-TPF-UFCM_20200224-fld0.txt	802.234
200.00	7	0	0.000	23	-5	1	0.851697	0.014238	0.0565	0.399794	0.0182	5.54	2.43	-15.33	0.016	-0.019	0.056	-0.295	2909.247	4.2566e-10	-1.68	19.61	-42.74	-48	6.77	-10.83	116.53	1.5e+02	1.0379	-1.4582	-0.9808	1.2087	1991b-TPF-UFCM_20200224-int0.txt	1991b-TPF-UFCM_20200224-fld0.txt	569.507
200.00	8	0	0.000	23	-5	1	0.861663	0.015585	0.0563	0.316068	0.1181	6.32	0.81	-5.81	0.047	0.023	0.042	-0.302	3195.995	3.8754e-10	2.32	16.81	-42.44	-24	9.51	-10.61	115.03	1.2e+02	0.8468	-1.3642	-1.3058	1.2739	1991b-TPF-UFCM_20200224-int0.txt	1991b-TPF-UFCM_20200224-fld0.txt	369.596
200.00	9	0	0.000	23	-5	1	0.860297	0.017249	0.0544	0.241632	0.1315	6.74	0.06	-4.56	0.038	0.001	0.028	-0.288	3445.571	3.5933e-10	0.24	17.53	-40.62	-33	8.47	-14.78	117.93	1.4e+02	0.9451	-1.3296	-1.1778	1.1171	1991b-TPF-UFCM_20200224-int0.txt	1991b-TPF-UFCM_20200224-fld0.txt	221.510
200.00	10	0	0.000	23	-5	1	0.858328	0.018360	0.0674	0.187422	0.1242	6.59	0.01	-9.60	0.066	0.010	0.044	-0.265	3603.272	3.4358e-10	1.13	13.32	-42.08	-4.3	11.35	-18.91	116.87	1.4e+02	0.6904	-1.3336	-1.1579	1.0277	1991b-TPF-UFCM_20200224-int0.txt	1991b-TPF-UFCM_20200224-fld0.txt	138.255
200.00	11	0	0.000	23	-5	1	0.855767	0.015573	0.1108	0.180041	0.0998	5.88	0.11	-27.76	0.107	0.040	0.103	-0.238	3623.424	3.4169e-10	4.12	17.26	-42.58	-35	15.80	-24.60	120.71	1.4e+02	0.1721	-1.3967	-1.1260	1.0852	1991b-TPF-UFCM_20200224-int0.txt	1991b-TPF-UFCM_20200224-fld0.txt	127.180
200.00	0	0	0.000	23	0	1	0.85112	0.006415	0.1216	0.722841	0.0102	5.95	3.80	6.46	0.056	-0.094	-0.013	0.064	1845.093	6.7033e-10	-9.15	-9.73	45.39	93	9.07	9.96	79.99	-1.4e+02	0.0012	-0.2566	0.4321	-0.8360	1991b-TPF-UFCM_20200224-int0.txt	1991b-TPF-UFCM_20200224-fld0.txt	1851.284
200.00	1	0	0.000	23	0	1	0.850479	0.006928	0.1126	0.710095	0.0130	5.75	3.59	-5.18	0.047	-0.088	-0.003	0.029	1867.814	6.6221e-10	-8.73	-9.30	37.37	94	7.95	9.78	82.55	-1.4e+02	0.1107	-0.3706	0.3205	-0.6203	1991b-TPF-UFCM_20200224-int0.txt	1991b-TPF-UFCM_20200224-fld0.txt	1808.512
200.00	2	0	0.000	23	0	1	0.849831	0.007398	0.1065	0.691404	0.0130	5.78	3.86	-17.28	0.045	-0.089	-0.010	-0.019	1929.836	6.4099e-10	-8.74	-10.01	38.11	99	7.61	11.06	81.91	-1.2e+02	0.3342	-0.5404	0.1274	-0.4465	1991b-TPF-UFCM_20200224-int0.txt	1991b-TPF-UFCM_20200224-fld0.txt	1697.327
200.00	3	0	0.000	23	0	1	0.849177	0.007702	0.1030	0.656197	0.0133	5.61	4.72	-6.63	0.080	-0.056	-0.012	-0.037	2033.822	6.0832e-10	-5.58	-12.38	36.10	1e+02	11.71	11.66	88.52	-1.5e+02	0.1739	-0.5728	-0.1901	-0.3506	1991b-TPF-UFCM_20200224-int0.txt	1991b-TPF-UFCM_20200224-fld0.txt	1525.985
200.00	4	0	0.000	23	0	1	0.848497	0.007786	0.1020	0.605718	0.0132	5.36	4.77	-21.78	0.078	-0.045	-0.016	-0.071	2182.277	5.6707e-10	-4.28	-12.47	34.54	1.2e+02	11.55	8.64	93.14	-1.2e+02	0.2799	-0.6469	-0.3734	-0.1784	1991b-TPF-UFCM_20200224-int0.txt	1991b-TPF-UFCM_20200224-fld0.txt	1309.673
200.00	5	0	0.000	23	0	1	0.847781	0.007764	0.1029	0.548146	0.0136	5.19	4.65	-29.20	0.045	-0.058	-0.023	-0.086	2378.597	5.2036e-10	-5.55	-12.16	35.55	1e+02	8.34	11.04	87.29	-1.1e+02	0.5091	-0.6425	-0.3011	-0.0939	1991b-TPF-UFCM_20200224-int0.txt	1991b-TPF-UFCM_20200224-fld0.txt	1064.920
200.00	6	0	0.000	23	0	1	0.852514	0.007625	0.1039	0.482219	0.0156	5.45	4.05	-17.90	0.041	-0.034	-0.034	-0.168	2622.326	4.7247e-10	-3.19	-10.26	30.10	80	7.97	11.12	96.19	-1.1e+02	0.7831	-0.8324	-0.7486	0.3105	1991b-TPF-UFCM_20200224-int0.txt	1991b-TPF-UFCM_20200224-fld0.txt	814.949
200.00	7	0	0.000	23	0	1	0.851653	0.007216	0.1095	0.403870	0.0183	5.83	4.22	-13.00	0.050	-0.037	-0.046	-0.302	2897.454	4.2732e-10	-3.47	-13.71	32.59	1e+02	8.84	10.41	96.70	-1e+02	1.3320	-1.3625	-1.3314	0.7692	1991b-TPF-UFCM_20200224-int0.txt	1991b-TPF-UFCM_20200224-fld0.txt	578.863
200.00	8	0	0.000	23	0	1	0.861619	0.006584	0.1251	0.319469	0.1187	6.67	3.26	-3.42	0.070	0.005	-0.059	-0.330	3186.495	3.8858e-10	0.83	-10.46	29.68	85	10.71	8.93	92.03	-1.2e+02	1.2536	-1.3232	-1.7064	0.9559	1991b-TPF-UFCM_20200224-int0.txt	1991b-TPF-UFCM_20200224-fld0.txt	375.749
200.00	9	0	0.000	23	0	1	0.860254	0.005554	0.1458	0.243787	0.1313	7.04	3.04	-2.47	0.049	-0.011	-0.071	-0.337	3438.839	3.5988e-10	-1.05	-12.55	23.64	97	8.68	5.31	88.36	-93	1.4403	-1.3216	-1.6423	0.9431	1991b-TPF-UFCM_20200224-int0.txt	1991b-TPF-UFCM_20200224-fld0.txt	225.055
200.00	10	0	0.000	23	0	1	0.858288	0.003759	0.2093	0.189205	0.1237	6.90	2.50	-8.55	0.058	-0.010	-0.054	-0.307	3599.541	3.4381e-10	-0.59	-8.55	27.17	68	9.44	0.58	85.56	-96	1.2454	-1.2722	-1.5089	0.8540	1991b-TPF-UFCM_20200224-int0.txt	1991b-TPF-UFCM_20200224-fld0.txt	140.101
200.00	11	0	0.000	23	0	1	0.855732	0.001285	0.4994	0.181893	0.0996	6.29	0.13	-30.13	0.069	0.024	0.008	-0.280	3621.090	3.4184e-10	2.53	-10.93	28.70	82	10.80	-5.29	89.68	-1.1e+02	0.7913	-1.2444	-1.3899	1.0278	1991b-TPF-UFCM_20200224-int0.txt	1991b-TPF-UFCM_20200224-fld0.txt	128.509
200.00	0	0	0.000	23	5	1	0.851116	0.004067	0.2080	0.718648	0.0105	5.83	3.61	5.39	0.015	-0.054	0.099	-0.092	1856.421	6.6625e-10	-5.41	-9.42	-99.36	-51	5.02	-19.05	85.73	96	0.2549	-0.9172	0.0949	0.3892	1991b-TPF-UFCM_20200224-int0.txt	1991b-TPF-UFCM_20200224-fld0.txt	1829.452
200.00	1	0	0.000	23	5	1	0.850475	0.004597	0.1834	0.706039	0.0132	5.59	3.29	-6.79	0.008	-0.047	0.095	-0.153	1878.581	6.5839e-10	-5.04	-9.28	-101.57	-47	4.17	-20.43	82.03	1.2e+02	0.5014	-1.0994	-0.1644	0.6665	1991b-TPF-UFCM_20200224-int0.txt	1991b-TPF-UFCM_20200224-fld0.txt	1788.053
200.00	2	0	0.000	23	5	1	0.849827	0.004945	0.1720	0.687567	0.0132	5.59	3.51	-18.53	0.007	-0.053	0.092	-0.144	1940.106	6.3757e-10	-5.48	-9.44	-94.53	-42	4.23	-22.45	88.97	1.6e+02	0.5015	-1.0753	-0.1097	0.6036	1991b-TPF-UFCM_20200224-int0.txt	1991b-TPF-UFCM_20200224-fld0.txt	1678.996
200.00	3	0	0.000	23	5	1	0.849172	0.005028	0.1695	0.652833	0.0134	5.37	4.20	-7.38	0.043	-0.028	0.093	-0.187	2043.415	6.0540e-10	-3.03	-9.36	-96.44	-54	8.17	-19.32	105.56	1.5e+02	0.4603	-1.2541	-0.4912	0.7730	1991b-TPF-UFCM_20200224-int0.txt	1991b-TPF-UFCM_20200224-fld0.txt	1510.284
200.00	4	0	0.000	23	5	1	0.848494	0.004763	0.1790	0.602621	0.0133	5.05	4.29	-22.86	0.055	-0.017	0.083	-0.259	2190.918	5.6470e-10	-1.86	-11.56	-100.61	-47	9.46	-13.13	101.63	1.3e+02	0.6910	-1.4984	-0.8823	1.0377	1991b-TPF-UFCM_20200224-int0.txt	1991b-TPF-UFCM_20200224-fld0.txt	1296.794
200.00	5	0	0.000	23	5	1	0.847778	0.004165	0.2055	0.545339	0.0137	4.84	4.22	-29.75	0.036	-0.031	0.073	-0.297	2386.222	5.1854e-10	-3.47	-11.54	-95.29	-49	7.38	-9.60	102.96	1.2e+02	0.9926	-1.6229	-0.9505	1.1598	1991b-TPF-UFCM_20200224-int0.txt	1991b-TPF-UFCM_20200224-fld0.txt	1054.866
200.00	6	0	0.000	23	5	1	0.852512	0.003148	0.2739	0.479742	0.0156	4.99	3.36	-17.66	0.035	-0.019	0.069	-0.338	2628.215	4.7116e-10	-2.07	-12.21	-84.18	-47	7.55	-10.50	103.35	1.4e+02	1.1158	-1.7210	-1.1711	1.3591	1991b-TPF-UFCM_20200224-int0.txt	1991b-TPF-UFCM_20200224-fld0.txt	807.408
200.00	7	0	0.000	23	5	1	0.851654	0.001537	0.5246	0.401781	0.0180	5.37	2.88	-10.31	0.045	-0.019	0.060	-0.369	2902.635	4.2648e-10	-2.20	-11.41	-88.14	-43	8.59	-8.59	102.52	1.3e+02	1.2356	-1.8469	-1.3442	1.4285	1991b-TPF-UFCM_20200224-int0.txt	1991b-TPF-UFCM_20200224-fld0.txt	573.745
200.00	8	0	0.000	23	5	1	0.861622	0.001166	0.6698	0.317735	0.1178	6.18	-2.30	-0.33	0.057	0.022	0.047	-0.395	3189.949	3.8810e-10	2.15	-12.39	-91.75	-61	9.59	-7.45	100.03	91	1.1744	-1.7794	-1.6896	1.6255	1991b-TPF-UFCM_20200224-int0.txt	1991b-TPF-UFCM_20200224-fld0.txt	372.554
200.00	9	0	0.000	23	5	1	0.860263	0.004858	0.1779	0.242319	0.1310	6.62	-2.51	1.60	0.020	-0.001	0.038	-0.389	3440.967	3.5962e-10	-0.30	-10.73	-90.62	-74	5.86	-13.16	97.43	1.1e+02	1.3832	-1.7181	-1.4939	1.5928	1991b-TPF-UFCM_20200224-int0.txt	1991b-TPF-UFCM_20200224-fld0.txt	223.099
200.00	10	0	0.000	23	5	1	0.858302	0.010127	0.0782	0.187571	0.1228	6.43	-1.26	-5.20	0.007	0.007	0.048	-0.369	3601.199	3.4361e-10	0.41	-12.66	-82.29	-53	4.44	-15.69	100.13	1.1e+02	1.2805	-1.5945	-1.3744	1.6091	1991b-TPF-UFCM_20200224-int0.txt	1991b-TPF-UFCM_20200224-fld0.txt	138.451
200.00	11	0	0.000	23	5	1	0.855739	0.013585	0.0767	0.179672	0.0989	5.63	1.50	-28.31	-0.012	0.035	0.112	-0.347	3623.423	3.4155e-10	3.39	-13.15	-93.24	-67	2.70	-21.43	103.34	1e+02	0.9499	-1.5259	-1.1655	1.8778	1991b-TPF-UFCM_20200224-int0.txt	1991b-TPF-UFCM_20200224-fld0.txt	126.370
200.00	0	0	0.000	23	12	1	0.850955	0.012316	0.1581	0.646389	0.0114	5.52	-10.55	-24.46	0.324	-0.242	0.277	0.300	2062.193	5.9943e-10	-25.60	-81.65	-379.86	-3.4e+02	3.50	-314.49	545.79	6.5e+03	-1.9668	-1.5411	2.0180	-2.3262	1991b-TPF-UFCM_20200224-int0.txt	1991b-TPF-UFCM_20200224-fld0.txt	1474.961
200.00	1	0	0.000	23	12	1	0.850326	0.010566	0.1850	0.630358	0.0136	5.46	-10.19	-8.04	0.335	-0.234	0.273	0.308	2096.218	5.8971e-10	-25.00	-81.68	-383.95	-3.5e+02	4.32	-320.74	498.90	6.6e+03	-2.0510	-1.4997	1.9697	-2.3717	1991b-TPF-UFCM_20200224-int0.txt	1991b-TPF-UFCM_20200224-fld0.txt	1423.881
200.00	2	0	0.000	23	12	1	0.849685	0.009787	0.2019	0.606928	0.0136	5.37	-10.78	-17.18	0.340	-0.233	0.267	0.299	2168.777	5.7000e-10	-25.05	-80.28	-377.69	-3.5e+02	5.30	-317.09	481.79	6.5e+03	-2.0156	-1.5300	1.8998	-2.3583	1991b-TPF-UFCM_20200224-int0.txt	1991b-TPF-UFCM_20200224-fld0.txt	1320.764
200.00	3	0	0.000	23	12	1	0.849038	0.009986	0.2026	0.575704	0.0142	5.53	-11.47	-8.02	0.399	-0.212	0.264	0.264	2280.922	5.4194e-10	-23.20	-79.01	-376.03	-3.6e+02	10.66	-320.07	517.38	6.6e+03	-2.1255	-1.7502	1.4960	-2.3241	1991b-TPF-UFCM_20200224-int0.txt	1991b-TPF-UFCM_20200224-fld0.txt	1173.790
200.00	4	0	0.000	23	12	1	0.848366	0.011226	0.1858	0.524431	0.0139	5.16	-12.42	-19.07	0.438	-0.203	0.253	0.214	2433.881	5.0792e-10	-22.21	-81.56	-381.78	-3.3e+02	14.57	-315.36	488.63	6.5e+03	-2.0491	-1.9975	1.1122	-2.2334	1991b-TPF-UFCM_20200224-int0.txt	1991b-TPF-UFCM_20200224-fld0.txt	995.539
200.00	5	0	0.000	23	12	1	0.847649	0.014234	0.1520	0.467508	0.0139	4.71	-13.20	-24.54	0.439	-0.218	0.240	0.238	2627.376	4.7057e-10	-23.61	-77.24	-375.28	-3.6e+02	14.69	-309.92	508.94	6.6e+03	-2.0482	-1.9278	1.2293	-2.4320	1991b-TPF-UFCM_20200224-int0.txt	1991b-TPF-UFCM_20200224-fld0.txt	799.908
200.00	6	0	0.000	23	12	1	0.852377	0.019713	0.1166	0.404608	0.0155	4.21	-12.33	-14.79	0.451	-0.200	0.231	0.127	2855.827	4.3332e-10	-21.69	-77.29	-375.53	-3.8e+02	16.61	-306.03	441.39	6.4e+03	-1.6916	-2.2986	0.6557	-1.9754	1991b-TPF-UFCM_20200224-int0.txt	1991b-TPF-UFCM_20200224-fld0.txt	605.560
200.00	7	0	0.000	23	12	1	0.862501	0.028836	0.0877	0.330101	0.1052	4.27	-12.37	-1.30	0.462	-0.203	0.216	0.093	3098.997	3.9928e-10	-22.15	-80.27	-370.79	-3.4e+02	17.47	-305.31	454.07	6.4e+03	-1.5299	-2.4374	0.4561	-1.9280	1991b-TPF-UFCM_20200224-int0.txt	1991b-TPF-UFCM_20200224-fld0.txt	427.614
200.00	8	0	0.000	23	12	1	0.861413	0.043871	0.0653	0.256822	0.1200	4.98	-13.77	8.11	0.451	-0.185	0.214	0.045	3332.675	3.7109e-10	-20.03	-80.61	-372.97	-3.8e+02	16.09	-313.52	502.75	6.6e+03	-1.3724	-2.5184	0.2184	-1.6423	1991b-TPF-UFCM_20200224-int0.txt	1991b-TPF-UFCM_20200224-fld0.txt	280.106
200.00	9	0	0.000	23	12	1	0.859915	0.068065	0.0457	0.189259	0.1310	5.08	-14.73	9.68	0.386	-0.200	0.209	0.046	3518.135	3.5151e-10	-21.75	-79.64	-375.28	-3.7e+02	9.83	-310.64	490.08	6.5e+03	-1.1145	-2.3697	0.4585	-1.5258	1991b-TPF-UFCM_20200224-int0.txt	1991b-TPF-UFCM_20200224-fld0.txt	177.373
200.00	10	0	0.000	23	12	1	0.857632	0.099000	0.0339	0.148106	0.1201	4.89	-7.74	-0.30	0.351	-0.185	0.231	0.091	3612.689	3.4229e-10	-20.13	-79.11	-370.90	-3.7e+02	6.48	-311.59	493.89	6.4e+03	-1.3135	-2.0855	0.7467	-1.4786	1991b-TPF-UFCM_20200224-int0.txt	1991b-TPF-UFCM_20200224-fld0.txt	128.520
200.00	11	0	0.000	23	12	1	0.854923	0.102100	0.0585	0.158395	0.0871	4.38	12.97	-23.42	0.295	-0.177	0.285	0.114	3591.140	3.4432e-10	-19.59	-85.41	-372.63	-3.2e+02	0.58	-315.63	511.08	6.5e+03	-1.4220	-1.9567	1.1239	-1.2176	1991b-TPF-UFCM_20200224-int0.txt	1991b-TPF-UFCM_20200224-fld0.txt	137.996
200.00	0	0	0.000	23	-12	1	0.851191	0.034972	0.0536	0.644965	0.0110	8.27	11.32	6.71	0.150	0.138	-0.107	-0.126	2058.233	6.0040e-10	17.02	-232.40	263.07	1.1e+03	-12.00	318.10	413.11	-5.8e+03	-0.1887	-0.0750	-1.8123	0.3104	1991b-TPF-UFCM_20200224-int0.txt	1991b-TPF-UFCM_20200224-fld0.txt	1486.078
200.00	1	0	0.000	23	-12	1	0.850528	0.035024	0.0542	0.634720	0.0137	8.14	12.16	-3.01	0.120	0.147	-0.112	-0.146	2080.281	5.9407e-10	18.00	-232.75	265.51	1.1e+03	-14.26	317.71	370.09	-5.7e+03	-0.0479	-0.0122	-1.8532	0.5034	1991b-TPF-UFCM_20200224-int0.txt	1991b-TPF-UFCM_20200224-fld0.txt	1452.709
200.00	2	0	0.000	23	-12	1	0.849861	0.035976	0.0536	0.618645	0.0139	7.93	9.22	-17.34	0.087	0.122	-0.114	-0.179	2138.747	5.7786e-10	15.55	-230.35	271.55	1.1e+03	-16.39	315.06	382.09	-5.6e+03	0.2869	-0.1409	-1.7905	0.6223	1991b-TPF-UFCM_20200224-int0.txt	1991b-TPF-UFCM_20200224-fld0.txt	1367.668
200.00	3	0	0.000	23	-12	1	0.849186	0.037453	0.0520	0.586795	0.0141	7.24	5.14	-14.13	0.124	0.143	-0.121	-0.192	2235.833	5.5290e-10	17.64	-226.48	268.39	1.1e+03	-11.49	304.87	370.87	-5.4e+03	0.1627	-0.1968	-2.0560	0.6293	1991b-TPF-UFCM_20200224-int0.txt	1991b-TPF-UFCM_20200224-fld0.txt	1236.379
200.00	4	0	0.000	23	-12	1	0.848484	0.039886	0.0495	0.542500	0.0144	6.69	-1.30	-31.96	0.115	0.126	-0.125	-0.233	2370.419	5.2161e-10	16.07	-225.87	277.62	1.1e+03	-12.18	307.45	385.87	-5.5e+03	0.4365	-0.3923	-2.1371	0.7378	1991b-TPF-UFCM_20200224-int0.txt	1991b-TPF-UFCM_20200224-fld0.txt	1071.892
200.00	5	0	0.000	23	-12	1	0.84774	0.043968	0.0464	0.491738	0.0149	6.50	-8.47	-40.71	0.042	0.103	-0.132	-0.253	2542.971	4.8627e-10	13.54	-222.09	278.18	1.1e+03	-19.09	303.52	353.75	-5.3e+03	0.8446	-0.3277	-1.9261	0.9151	1991b-TPF-UFCM_20200224-int0.txt	1991b-TPF-UFCM_20200224-fld0.txt	886.492
200.00	6	0	0.000	23	-12	1	0.846941	0.050199	0.0428	0.434298	0.0171	6.64	-13.13	-39.52	0.042	0.117	-0.141	-0.263	2747.494	4.5011e-10	14.74	-220.45	278.00	1e+03	-19.39	307.47	407.08	-5.5e+03	0.8502	-0.2858	-2.0494	0.9859	1991b-TPF-UFCM_20200224-int0.txt	1991b-TPF-UFCM_20200224-fld0.txt	697.128
200.00	7	0	0.000	23	-12	1	0.851545	0.059186	0.0368	0.368564	0.0204	6.81	-16.74	-28.99	0.055	0.112	-0.147	-0.258	2976.096	4.1595e-10	14.12	-216.69	273.38	1e+03	-17.79	298.47	374.80	-5.3e+03	0.8313	-0.3084	-2.0692	0.8931	1991b-TPF-UFCM_20200224-int0.txt	1991b-TPF-UFCM_20200224-fld0.txt	518.629
200.00	8	0	0.000	23	-12	1	0.861472	0.072189	0.0389	0.295887	0.1176	7.21	-22.69	-20.03	0.097	0.157	-0.162	-0.272	3200.672	3.8682e-10	18.70	-214.47	262.95	1e+03	-13.30	294.62	361.42	-5.3e+03	0.6269	-0.2587	-2.4729	0.9666	1991b-TPF-UFCM_20200224-int0.txt	1991b-TPF-UFCM_20200224-fld0.txt	365.516
200.00	9	0	0.000	23	-12	1	0.860087	0.090376	0.0335	0.231622	0.1269	7.50	-25.53	-21.75	0.118	0.141	-0.168	-0.282	3388.271	3.6528e-10	17.10	-216.88	255.69	1.1e+03	-11.21	289.88	358.68	-5.3e+03	0.6840	-0.4059	-2.5241	0.8603	1991b-TPF-UFCM_20200224-int0.txt	1991b-TPF-UFCM_20200224-fld0.txt	252.394
200.00	10	0	0.000	23	-12	1	0.858194	0.110969	0.0340	0.188387	0.1171	7.30	-21.80	-27.82	0.172	0.141	-0.156	-0.277	3503.254	3.5328e-10	17.01	-212.18	265.78	1e+03	-5.40	282.83	349.17	-5.2e+03	0.4679	-0.5847	-2.6310	0.7152	1991b-TPF-UFCM_20200224-int0.txt	1991b-TPF-UFCM_20200224-fld0.txt	189.005
200.00	11	0	0.000	23	-12	1	0.855879	0.114624	0.0502	0.183126	0.0951	6.90	-12.69	-38.44	0.266	0.160	-0.108	-0.258	3517.273	3.5191e-10	18.97	-212.36	260.49	1.1e+03	3.58	279.00	355.85	-5.2e+03	-0.1000	-0.8454	-2.7682	0.5783	1991b-TPF-UFCM_20200224-int0.txt	1991b-TPF-UFCM_20200224-fld0.txt	181.015